116.31553637 39.95788916 10001
116.31642130 39.95833513 10002
116.31633449 39.95832456 10003
116.31622731 39.95833413 10004
116.31607524 39.95836603 10005
116.31599768 39.95837296 10006
116.31586642 39.95838468 10007
116.31575801 39.95833357 10008
116.31571773 39.95824162 10009
116.31570925 39.95816625 10010
116.31571819 39.95809063 10011
116.31571556 39.95801733 10012
116.31570983 39.95796766 10013
116.31558744 39.95789052 10014
116.31563354 39.95789749 10015
116.31546250 39.95788425 10016
116.31531025 39.95788020 10017
116.31538369 39.95788509 10018
116.31517460 39.95785904 10019
116.31524294 39.95788017 10020
116.31507928 39.95784547 10021
116.31495727 39.95785596 10022
116.31485122 39.95785628 10023
116.31470603 39.95785615 10024
116.31463356 39.95785345 10025
116.31445003 39.95784701 10026
116.31449450 39.95784745 10027
116.31437791 39.95784432 10028
116.31429000 39.95783243 10029
116.31420382 39.95780897 10030
116.31407833 39.95780984 10031
116.31400701 39.95781621 10032
116.31388954 39.95779586 10033
116.31379106 39.95775882 10034
116.31369519 39.95775222 10035
116.31357730 39.95775267 10036
116.31349527 39.95772992 10037
116.31337737 39.95773545 10038
116.31330813 39.95773665 10039
116.31332316 39.95768087 10040
116.31328746 39.95761583 10041
116.31329887 39.95755250 10042
116.31333353 39.95747404 10043
116.31335884 39.95738870 10044
116.31335217 39.95731244 10045
116.31333469 39.95724305 10046
116.31335344 39.95716743 10047
116.31342766 39.95710947 10048
116.31346156 39.95705195 10049
116.31350217 39.95697846 10050
116.31351544 39.95692460 10051
116.31347374 39.95686022 10052
116.31341115 39.95681441 10053
116.31328339 39.95679120 10054
116.31317426 39.95675555 10055
116.31307242 39.95676420 10056
116.31294491 39.95677558 10057
116.31282342 39.95678480 10058
116.31272237 39.95679244 10059
116.31262148 39.95680007 10060
116.31257929 39.95673276 10061
116.31257686 39.95667662 10062
116.31256604 39.95659244 10063
116.31256373 39.95651894 10064
116.31256690 39.95642660 10065
116.31255983 39.95635657 10066
116.31256767 39.95626761 10067
116.31259337 39.95620499 10068
116.31266975 39.95616069 10069
116.31278217 39.95613953 10070
116.31288959 39.95612998 10071
116.31301547 39.95611910 10072
116.31316893 39.95609481 10073
116.31328784 39.95612544 10074
116.31338799 39.95613920 10075
116.31348693 39.95613037 10076
116.31359094 39.95612488 10077
116.31371011 39.95612529 10078
116.31383753 39.95611334 10079
116.31395723 39.95611461 10080
116.31407643 39.95613888 10081
116.31422066 39.95613446 10082
116.31437081 39.95613316 10083
116.31445126 39.95614535 10084
116.31457708 39.95616141 10085
116.31467681 39.95618785 10086
116.31474938 39.95622099 10087
116.31476937 39.95629960 10088
116.31477920 39.95641835 10089
116.31475371 39.95650101 10090
116.31475404 39.95656564 10091
116.31475328 39.95660513 10092
